0
0
1
12510706
0
7826868
0
-4280648905
0
1509658103574007690720
0
0
0
-22839053
0
1
0
0
0
0
-13085935
1
0
1
729904061
6583481
0
1
1
0
0
1
-1442178
0
-14736093299914271
0
0
-4064117532
0
0
0
1
0
0
9791200
0
-68590224257
-19610249
1
0
0
438607100025
0
1
0
0
3078705656541
2460
239899
-65162043667086534
495999874089
73100
0
0
0
0
-8937187
0
16128
0
0
40
1
-10761537
1
1
808081551931
-853264116905
10002494
-141209670
1
0
5540921
0
1
19886216131992576
6832783512
36
-15136117
0
242420
210633
28077403
1
0
0
0
